534920700060007309900000010008700000496803002721594806000200940800046100003000000
009043005867002003040060027002086050930420000058397040300270900001000002724059030
000090000708000400234610750420005390907243005083000020002500000056704083070036002
140300000009700004708290350000062073500000000900803200030000000200900000405638010
500020740040070030600008005820390006090400000350802000009000070705001000468030020
090010304000000600026093007200000070004000053008940001680405009005630080903002040
500406000007231900249000630100040090006028000408005270032070500000564027004000000
069050823000006009800093000008004010014000060720000534402060370000032000507008002
206400900003068200584300060000750000320004500057030006068900000700500304405027009
000006409504020380000000020003700000060300801240008000902560000005240630430070005
620089304000040000000015002080593007050000203061000058500002800007850000012030700
900050000504207000070008200007000098105800604869030527008005002001004970030092050
248053060600020000300640080000000500080560100097002008030000700852070049064000002
060200057090604001832075400374029500080060000005430000000000020040008090710950004
062047000003280970400000006700000000000815700910003480009000050004002030370068000
000030041000057080523000090004300005000100064672900000350802000000000008817094200
172083000006500000030000847054030610008002030090000005829064300003020000500000072
007005429000704603030100000000030900064200007500000860906043570000020300051000280
004560009320000000000041030560090071003006040000700090089305000257480600030020000
400005002653729004702840030075200400820004063000000050000300800034590000908060020
000001085007003640163040000600700420304500007800000009020007508000000000005408900
070005304006230050052049070900008000130060000004920000000000000043000085798400602
000004209001000000306070050630007000004092700050306028065948002080003000900005080
000000000702090001005471060080304020300050608507200040436028005900030000200007006
830205000065090208040078300507000000003640020020503900302480500000002004604730090
002007000047000059008230000000900402405023067603080000000570900800306025154000306
000050008080302016170090004063020000000000035950600081002004003000280057730060000
004500000000409003059018026000850000583600092401003608020780000307946000000100000
708604235530002869000000000809010070005400002000360450003008910090000680000000503
000094000000300000200680504000930000679450301031000000060700438300500610004200000
029000640070008000000030000058064092003000087004072300007096025100000703680000004
000000053080057020900326004730000060000405000250000000547089036390040200820003700
950002103080000500700860004500307001290000007000010000060038000304000600029004000
600702841090035000010006530050007000200060700906048203523000060000623050400000002
040070800850002000723060400000050032000000509062700000090000600370604205080920340
049503020005002064000400030500030092062805000430000080700920300003764000280000007
352409006400000005796028030003600000000037020009802307020000000004060503007005402
000800607000040000602500000026905470900471003340000500009680340805024700000300001
004580000020070300059342008695800000403029500278060000000004003002000009506200704
063500400900000008004800500600209000019780604005000020042030050000602700070018392
317069000056408000000023067020087000000040980004300670500800300093000024000200095
207053008046080010030002060304020009002530600000000400600019300000078500000060080
000600000016040070300009402402900000608207000000050296500320704000000000273406985
106803709320040080074000000002004930743250060000087000630900150000006000000500000
024370090070520030006004000003007081082403060040090700065030800200000300830060200
000961000000000002040000000062470030057019864009050007003000000800506019200090403
040360200002900000000005003520603008706180000409007031000006900800400360900071004
302068740084020000500304602008050000000400520000032460400679030007045200900280000
309000000000159060018000700000600020002780300905304000490500000207030904003002005
067091082050000040290060000023704000480003050006009010040000800032048076000037020
063087020500000008780040360000000000029004756640300289470030000200050000008020495
020000040000006080065890327930450002640100009002000030004500000100703400703900050
700800050034000026090035070083420500000700003620000008002070400400386700800050000
040060000005090060080700300008430506000050072106800039002305000034020000867040200
600030275002080000354702089403950762867000954000000008200003890700294010006005000
570400000000065001046270308000000080300009602015000007290300064703000020000002030
007800642804270500030000009526340790040500200090002003002063000603004020400000360
302065000000000000000730098970658204030019700045007800060000081029000000783004050
700005000500400072000032000070300500485000063090006028008690204007053009032804000
600000080900007320002081005050000000004020000370546900010000500006079800000430200
006205008005608392004000007400003000000094700720806540500400200901000800862000034
280040007000005300030000000604702800000000490952300600400600010068400900000270040
003000452200000000607084030084050273090403680006000000000012000030006004925000000
065030924400000530002000000950000200200800090030200846010300000603500080080764002
946003005000060790070200400023500000000080100487000020512400070300000000090015340
050010000000350814020708050200500000003067040078004030030000200060000070400200500
054028300300009000090005016005800600600000700010030054800042000006000200572060040
009040000230000000708002504070093000406000078000000002040950720160000089007680030
000060703200057000074308029003600070802500400041000035006400250000700000057020040
000940050294057000017206000083090500000003090052000070006029400005708300000010026
000420009006090000000500060003000008060840720020705934400600003000072400091300500
000080020060200400450036000043000500000000062689000347320670000506001000700943000
000020073380054061000000000000207009570060314060035007000000000020540006030900700
000001300903074000204006005620080070300960020040203080000000492002000050407000000
050009000008400060260007000073005000000206080001040500040000010300020790009300040
000063400730900800040572000008240030023080754070000090380406572000000006069020083
035642008600000000009000216750030004000500800000000000092487500007006000840910003
000020070852730640073804259240690800000002000060000010934085700086203005500900000
570400028140000500009000040710005200396024000000830000030060007000073600080902003
003086902004002305602000000000004038000109000000530207158003600036000540049005003
009208347030000026020000000075396002004000003000400009003000000002781035561034008
826090040001000020579026000060502080403080050005000090700300500000060000000974230
000070050800005643905032000000040209500300084040060700030000000027000000000090410
006810050020000074045007300060208503002345000000000002057002960009000100030000400
407600003008001005000000700080006002000520000004030610005300280809047350601850000
000020305320640007800009020017396450004000000000570030000008092402057003609000070
001003980839762504005000062008026403040000050000508070610080000000000040003000600
000529340020040805009003060006030500204000003000206000501490000037000280600000001
000002000600384100010560007530090000407050000000007200003000705800100430002438006
800006504000300209025409300600050000004800000300010640100008900008000052507602038
064903050030076024000002000803560070000320000502709008000000280300240000027805643
003004000005320000600059070000800200096742538000065704041076389509030020070000040
000000000020040506035089000100600490008005002090800030849206350000300607307400000
002050000870403650563020000250600070004000000700392500635904000020035040040207300
600000304408090006032800000005020040000038600003670510087400900306701408000003007
003000000940205376502000004608050000294063000000040209000701608320000047007006900
970102000031700040024005060000000430600000518050008000180900005097030200000000100
002065000000700620586042970700400802060000000310000409800504030003600090605810000
010060004080004007030507120000000900006800035008390760594038001700200809800050000
060420031004703005057890260000530080000006002206000053872040006000200048030600007