980000000230050008040000020000005480000340500006028300008570030000002045000030060
600100000000500040200090080300080000700600003002000000040005320000020700000840050
708040050000890017060000000004000002000075008002008000500009000000003640086000030
050000008092060003307010040700030000006000700000400002025390060060080004000000020
060005000904060080370040050000500800000020000005309200006200000000104730000093010
002040900050200004004038060149000800007000090060400007000060000000091003000000002
003852000060000009000004300008000037052360000000400100007000000806900720000005000
000104000206007000034000050600053070045000020090060400000000502010300000350920000
579030040002006000003000070000098000000200050000300080004080730020400006060903020
000002679008000000047000003500060001000204000020390007300026000005000006700500800
800060090000030005006000200570000000090201000004850002067000904000000503000010070
000000000405090000200670003043020000050800200000000370600045018008001400020007000
000046057010000000006001004030400000002090800500020030000300006900000002003265000
400705030200000000069002000000008010000207403006300000087600052000000090000000370
300050200000004080060200300050401003407000000006809504500700600000006010002005000
004009000602000801000020000050300060000002908007000000000730080040600100090050300
000005000040000806000002004700406000600000900010800000500000020080074003037050008
420000009500900000000080300050007030000000010160005000004006200800530006000100900
090703028200000956000000000000000002036400000000090500060000000901026070000005040
800030000040520000000006900000065000000040200400800007030009420060200000010407069
600000090000007034007006000300048000500700020004000000915000048000200300400000010
000706002002800000970000450003004028400000030000031007309070000005100200000000000
072006300600080001300005000000850024053000000200070000407030050000000000000462700
509206073000003000104070900000000700603000000000040050090000000000300500007065049
002400090700009180030005000060004000309200040100000003800000600090002000007000420
401000000000030904600000010000000050800000203524060007000004060000026305000350002
003500000900600080040003051092000000050060000000270000060000400000904020007010900
050000601308900007006000000000560300000300040060800009790004005004000200500002000
050000036020000000094050010000200900000830000400000050002000040008026003706340000
070090100498060500602000000003000007800530020500080900000000000050040300000205090
030000000000800070240095030090000000070080506300600100000002005900000320800030700
700000600000002480000040079500003007000800100009050000000306800046000000208000900
742580000000064000050000000080000439000009005000200000008070500000045800007020600
000070000000003910402000500520090300030068400008000000300500000046007235000000006
000700002800040607050002003040000035003900000009100008000000400100085000405097000
004260008021000040000004600500000000030008000000600705002730400005000002009040030
000200760000000005500004800403080200802506003060000009000000300030005002006043000
040002050000080000000047000800059007000000060050306002002000009005003704060800030
090140700000000002000300080000090047730062000000700005004008210000010000079000000
200100060000002008006853700007030080030407000000060020908000050000000000040008006
300487000000020000050000400900030204000000570204500030710009008020000003000600000
380400000400600000006002500500900000013040000000060070050280001000309600000000045
740005020009001040200700000030000009010500304000000080093000000005000600460020093
020000050006001000430050000387400020040230500000600070004000036003900400200000000
460000200009005000300008000000000000000020304070630500000900730704001009600000080
080004900003570004000000000000000000004000806060320500270038000000000201050041070
800700000020008000000350008030000060058070010007090020000000001365240000002000005
002000080573000004004070000000000000200000007008014950000006009096850400000040002
700000000200060030003000652400900003806700005000000040090408007000032000002000008
000007050006002800805490100017000000000003002600004590500200000000705080004060700
083200070205700060000603000008040700060000500370000020946800002000000009000900050
000009700000830060000600002700000030006904000002003500400000300609080040050300076
038042000000900204005003000004700000700310050020000000070000003500000000000009860
036402090000080300000000000200090000000000650004000971000006000305000400047000160
000087200008042063000000080700400620024009500005060400409000352000020000206003040
000009005000004300057028001008007000060200000040000620000000000904053000083402900
000000000030000900002510068000706082400050000200030000000040300006100250090060000
065100480008030000001004000000000700020300006080700045700000000000000903000642070
100503009000000000070000200000250800000000000005400001004000083083070015051000004
023000040005000600016030005000000970500009002080004000060040500000000203000800094
007000000600423500900600000090068000723005600000000030050000000300040002100000085
060009000017004000540680003004020300000000006030800700200040000000500100700030050
000000000300005200009080407002040030900062000000050080010000005000000340825009006
000800000400600702085000003000046000046729835030000004000000500300200076207000000
000002450403000000000900307009005600000230000207000000340500800050060001000703000
049001000060000034800006700000000007000000200000248006005007043020039080000000000
001805030000000020800702950000000000500000043670300005000073800090048000050000060
400501000000000700090083401020040570500000003106000000800009600060400000000000382
650903000000000305000062000004008020100000000089200000000400083890600740700839000
000000600078203009024900701007530000000000000009008270003800010080002000040000090
001000050634200000500700000000045030006000400000020006000000304060070980870000501
000004000700050400005200006006002900000030000043000081070405803000060020030000507
607200030405070000800050020000004900300020040004005002050000300090000006000307800
060000008000060290005001703900070800050009047807010000009000000001400070040003000
000600009024030500008000000000094008000200300900800000006000280050020030010005400
400600000300020400007050906090000000000005002830062000000070290050380040000000000
003000640070300090002900000030508070000470250000100000009050000004780020050000034
060098052000004000090002034804009005003000008000007020000040000002700003000010060
004000060008000504000002007007600003002900000400573020000005030000430705805000006
600080002200300060070000000007800001002003000040610730000030040008941007020708000
900005000100000040007300000082001097005900023000400006000020300590080000203004000
060730004000409702000000000050908300300600007020000006400300000007590400000200073
000000500000480100200630070730000002005001000000004090000260003009700000008040200
900000000050400020600500834000031060403605900090000000100006000000003052000204000
060050000409000010007306020020700050003000800008042009000038090080004200600000000
000050036000400900000062400205000070000306002300500004003705000050008000060004010
000040000020800070064937258800014000305000007600000000200500006006080300050400000
000000000000370090400200703003002850000500600029000000005480000004609030206000100
030020007000000001004600020000700200000306578400000000200070000003500062007001450
405030002730000000069000540076000100000257008020090004000000000008020030000060400
004030092700000000006500000007000000020005900500709064040002000800060030000003508
100000000004600000082003790000509000000000150008000040070002000060430920030000071
240300007000006009007000000000094800030200000500000040008002604002000000674050010
002000000000008070600000831100300950040006000007090000000543620000029000800000000
000019803790400000000000000000030200003007600529000070060080010400300005000200000
000008069010600000005400070002080450400000032000104006004970020050000800000003000
006050080007000503003204000904086200000000000050020009000042050070800300300700040
007000368000000000004087002020300006008090000300400500000000650200009040705046000
000004000000890430600020009000079000003050000400080602800260070005000006060000150
057060003400750680000002000000000032000090560100400000020000000000000400008500307