004300060620000000070520000000000200005870904030000000043007008000260005000004009
610200080809760054000000000000000803001000000050000600208300000070050261000090000
000420308000000000420300000903250600000040500800000010548030090062000003730000246
640000920300480000002000030020008000400600070000105600000800000007050480500203006
200000000000107000079064000000006380082000600006090740000000010004023006000740500
500034000004000002000500400000000300435800000800270006903007600001060008600080904
300700508007002300000806007900670003050000400000003080024008000600205000800000000
620040000000005000007000005000100400079000300000396058460800003300007000000630802
534082600027003090080600420046000200000200000002030057000004030460300002070005040
000010500300600000605200009000001200090000080020409007003000400000803000207560000
701000050000208903003000020000900000350060000400502300034000580060004700280009430
453060008007030000860024007020940060530006040000000000000350080300002400000007020
030000007000090002408002005007008400000003001290067000000206000000004503805000000
008020950060030080000000000000000090503700460700005032402000000680090520300060000
000004000000063200008050160040030018000402005000070006350280004080600070062000500
054060090030002400000000600000007001005006030020800000400050000506039008002470000
000070020080000700701405060009000006400300000035020000000003002300000400107056308
003908000500003020000060000200000034000304057030087000000030086009500000100070005
000000050007200000836900042040700916301090000005000004520000000000003060003072008
100000800073800006000042700020000070000000400037604000080490020700001030060030050
000200340260304705000000026720006050000009460000050002030002070040000000500007083
000200500160007009009300270605430700003000000000562900000700090020600000080040030
010700036000000700080090040000003000709002304400500602000000003000057000000820905
002050304300400000000000008900340000065700001730200090000600000056000070200078000
080100040020080600070005008900600150000007003000003400000000000002060000460500087
200000654000260030000901000407300000006000078800000200003000790000003000709080000
070000050080000203004000000001008900000200000002574600105030007000600002600002040
260003500400000020900005047040002800009000053000000400072008600000400000050309208
000000000070643000200705009000906435004000602010000900402007000000004500309000004
000305090000871000200400508000700003001000700000609080020000000004000027708000946
038170000546830000000040000000080000000609400700004008060000071057060000001400803
000301000690504020000600400000070000034000002208000700840200090000000003005008100
306004500004320000000007000080000052203080046960200003500400000002000004000010300
000207500006000029300908000007000000020400087060302050045800673200000000000005190
000001200010000070860500340000000030358000000006004050000090008000870000984063025
070304000000070639802000000010003008200000700700006004006050000000030096080607015
090000008800000520030040007060501040040000000700064000951080702070030000603900000
000020300354000020000000000476500800502604000000000060060005703007008006800030009
540230009000670000020080006700802000060000800005040230470000050001450900000000340
000000000070009062000010903002000000000030485035486200000900548800002379900003000
000010000620000094000000803054690038000000100098400700000000080007200906000045001
006007030520809400000100009000200003040000000600900850130040000000000005000500200
230000000507060000060000030306040200004100607000700000900500000028000000000210380
000800000001009003050270009000050072300000000000600540200008000403020900000004006
530600004406000530700000060000803009200000050310000700000020070000089040005064000
000002006000457009000000010000000007780000105540000080009060000270090500060100030
007103090040080005000600003039420508084060000000790000470900030002000400010504000
109803560000600701402000080500000200004930000003050004040000920005000007000720805
026000040504230000003000700008604010000000050000009806040300009600000502005090080
030005790970008010006049035000000400091300000700500000040920070109400000300060000
800600300009080640004000000090010004000703000300000200652007800400096010900000020
500200090004706000000800600007600031003000400000000800000000504006090000070038010
070058020000900000300400001400060080090000057002005006000001074001504000000000032
030600492090052070000000000000000000020540730450739286004000060005080000200003800
058002000000000301000400009002060000000304900700000040340070005000208406000600000
009040000470003080300060000508170300030000020100000000607000002000002040900500036
000380000752006900030000000200060009900802005004950010000000000600003400010070060
000005000079200503085003000200000006004000000000016090000080760098074302000600004
008004007079050080000000020080026004000075000704000000300040098000100060020503000
003004000700000200020000030009500010005040003000060040002006008040031570600409000
039100700840763000000000000098075003400008690005000007023900008000006400000000900
000050000080000002031004070960820000410000000000600030305006780040007603078090050
600185030020040006005000080300000000900076002402093000500000000090027040000900003
000306500400000269700000000270000300600825000095403000000000400000200703069000005
400200800060795200030460590002830000000000000300502600008000004043000750000000300
000190300000000008400020701057600100008002509000053000000900400070400005160000030
007000003900000026000301000000830000204000900100000040002000009040107800070450000
000900000410002003007350020200000034000060000000008700000000090320040800600020470
001070620090006000040000005000004500800100900034000716102007050000020000065900000
800030000000600852601008000204800030000000005090475020000754003003000000700200500
000004679000000050340070020080000040700860000105000000070000002020086300000103000
060007030081406000300508002020004000000600000800302074043100060000860005000000203
030000200009000060080403700002000000403020600708090501000032907000000010000006800
063025000490063000007080020004000000200000100500034002009802005000000093000000070
000000800000003000315008000040090000650000013070025090400001075030000000700084006
050000000687005001200480000300700000000060920000900005002000006493500702000009500
500001040020004000000800020300020080260000507004560000406087300000000000003010700
900054270000080305080900000000002000402075009700600010000500000000000030009008006
709000000006000030045209607300000900000008400050000000002060000900053082000040060
530290000000600000000708103000402000300500070006930000970300080000000002400027000
004000306700418000500000800040900203205003000000250060800000000000004602020309000
958010040070003205000004600764000000000000030032080060000605803000000000040002000
900050300046070802007100009360490000090000005000200003702060000000300000000000060
050007000006083020000000300000600002002050004000109605045010007000000090900035060
010000000005000000070001830030090010004020006509400000003006004000240005200000300
200000050040008907978004320010430600080000100006000043000060500400005009050000000
305000092460000030280960000006300000000642370000007000020050000100008400000000023
000760040070200800000034009080020407090000000051300000060000584000050301800000760
002400090070000000000200637700600005058000040203070000300000100000390000009068400
000608030060700400895020607004000000008075002000802506040200009200000800006000000
056000000003002708000500140541206000000000003000740000027300800000000000030678000
100000400400695003000070000006052000020000300007000090030020008000000600009300245
030500020000294500510000000400900000000002430000000700750020169000305004200700050
000700003003908000501306020700000008040107060000039050020000030000003006300060095
800004000000000020209080634000006000010005040006370100060000000007800305000703090
003000028000000000284070365006003400502610080007000000400050009000030070000060200
520040800190800300400200000004000050000729040800000000080007000002050900035000000
090002600000050009000470000049600070008000051002045006000300002800000037070200560
000049306012000050400000008024570800687000000000200000703004000000000000005000204
300050600000206700000000031000600050002000000037004010006090073009500004800010900