000004020000000000008965003502680040030400852000000090074306000000107060020000005
030000009902004000050020300000000050620800400000067003000300008080500002040608070
309000000200080500007400080004000000010205007000600000006020908000300002025846300
006040005034006802070530090000000000058600734400008209300000020000005000020309000
004090000300500000000200000200974008080000030069380054000002761008000020030060000
000000015003805472007046900090350240000000000500000003902003007065408300300020504
000405800300060000071000006000000000840720530036090000700340600095270300000650087
000000000008060047064002030750040826000006000036705090800610572000400000500300000
000000000015700090470052800030409007000060030047823600600030002000000500002040000
020083040000720016004900030005062407090030000000000203006000050701600008030000000
005300000062084790090000320051000047046000500000002000407063000030200108000005003
070000000300090064000147002001000900005200007009450080007000200000000050406803000
870030504006000237000400068500020000000740306030980005200503400000000082400200000
275000080080407095000810000900000000030000502040300007060030070000080430002700006
080006050003000104090370200500008007000200590001057000007002000008000000400000301
000020508200400030070000000795000203400200000006100005938040000050602340000003000
050960020320050640400200705036000009970040200000003000090020000000000000000400051
080309605007450000000000200008001030409000006000030000543080070100000000006005000
020000500000850009950200480000600200100043700506000000000300000090007300008020007
040003005000000000502007008390704200065000000000010094080050000007002403204006000
600003290508090100400500000080005003750000060001000080060000020004000000800720600
007000050010084000680003007400060502000010300000400800000308060500600030930200000
006500000070340000358026079000930540040005036530060207204070003000000000860000000
640002000090000000308000400200809006050260807803005294701000000904050003000300020
400680357000074269009000000104967500000400000000200000000020000300500090680703042
080000007004000600500603000000050070400082000203046000300160408600005002090400003
000002800400578200070900405005700024009005700003100000080050346000000000900083070
000053002801000005000000074000900000280030600000045700050001000327060080900000040
000500090200000000003000500080005064009200000040760010008070250700850000030040806
005004008007610000001050070004900030000002000603400010070000000000280000800300402
500300000000690705080020400009002006003050000002840009008007300070500001400000060
205000000040307000380400002090051020000090000476000000000000000000270500008000794
000305400000060000100040800009000000057000280306009005040003501000700000000002006
030402850010000060000305000000038040300000000000106200045080026100000080700090534
300009006980050002465020030000195040090340000000000300070000005000000100250007083
006000000240593000000002004700030002083059000000400036400000060007304050300860200
069147080284000000000006000006030507020759430003004000300500200000000000040002000
005024000040000009900063001000805000000000970003000020000000000408050703302601580
000004200070010054000056000002000087004200905760580001080000000305000008000340006
000539000509001000007000300410305000090000800000000020006750280782064003000090040
870500000000020050300040200003000000000000500400000813020068005609054300038190064
000040000900371006000800010000000370580003000490050800340000002000100000700608054
000305700050020600900000000000001309730002064002600080500230900043050006600070050
000430200700000408040280030095002000200040000060900300309000064004050002682000053
302000000000473020400000005004302700030600040256009000023590084009030270740206509
030090016047605000000002800000000000000006280600030050060709020304000068059000000
820370005506490007004000360002050003045000000080200070063900200008030004057002030
090500006045030002000000340070200800500940000100007000923060058000000000600000900
300409080800007015000000004000020070600900002030064890006000000000005000040210508
029600000000000020076005083000000000005400006300002050702008030004106008803209064
004600200006030800000000009000000040050060027007452003280040706700380450600900030
420009000000000030000620000080000600300065027060000485009003502500100048002506900
005000060400002000010605030900200000080547000276300000000703400530020006847000001
000000000086501000523000640002047003040000276308200500005980302000000400000020000
000000008200034500704000200503007010802300400009020006000200300300900074400000605
257030904000040000003007060300000200874520000526300700042003870000900030005004020
320500000065300090008000040000008030000400729052003000090031800240870900000050302
543000090080900000900840620200005180430020970000000040000000400000504060000207300
054028030370000000000000506065203000003000004000000150030406825002000040000072600
090000031800100000016000408000300000405028000002000000009030804060002000000850673
003006590002040000098100003080003000200015068000720000000060005000500027006002000
250436700400071000000000000000000000030260850004000392000040009670000000000000283
800506000030000000260739000400000092790020000508000000000001700900067004300092568
230700004060305270090000050000500300000036005000000700078603042000250600002000009
060107000090450300025000000204803006000060708006020003000000500700000000050300049
000000000000087000900000042730050000000030000040170208006400750850000600091700000
500070200000109003000000004200005070870093006000002800006031040004000360000000005
542000010030000000080060500004000090000401000000300200000035007003280400600000025
000009000080070020300000508000083000256107480000000000040001250002030604600400007
090000301020800750000060000000080504807903020200705800081000000000090000030002040
800009020095403806000100030020008045300000900650000200000000403000032650001004090
205090680000000300089630541000003000027450000400020050000060000004070090350040002
350000000000300497200006030004000300520403000000000020080002705000000241700060000
020500406507040300000083020001305040000004000350800002400000200080000000600170504
080450000070900630000008000040060093006310405300004100000090000000507020001030006
017000068090020345040030000008040000000208000700000052000000000003901000150003706
000710400000000030826005000400060000000207089600900320003586740070000000000000090
950860007000004502020000400000000005400030000000940700800590063200680000300020970
300080145840500006002300900900000074003000800080060020005200460020400000030670090
010000005006000203007910060061050000409000500082070340075000000200400000003000900
006000004000025700000600092761503000024007000800040070300480500000001340000000000
408005000010390400000020000600730040000000000704006050070000500003002070025009080
800050206100008000005400080040000300000600040083040562900000000650183000020000000
000000700000003025000200604005302000040895006203000000007500000320460090400000000
000000389300200005070000000200006500096571038750003006000080000008005002000469000
000805432100600078004000000009437000800000090030000500002100059908000046000300000
045090100600000920300004070080003050020900068030208700004050000000400015800007040
007060080004203600000009002030502000000000070695070200100900006070000830500000740
000056070209030000000000098000500000500029060007040500340091006000000300820600040
000000000410500000897003000079045020245000089000002500362004750700030900000150000
034600000500030008700004000005003000672580040080000001810060305250000060000090020
008000007050000603046902000470238000080000000019050000000090000060005400504000371
050400700300100600000080040070205000108000509030000000020003000003000000047502006
003720800009004000000603090700000004084030600590000203000060000070052006000300502
000000640802030007000002000050070003090100008003050060065890004000000000030000205
000006000290040000030900200000000000000670010053090000040000905700200084008300600
000200400038000002260000050400850130800470005020390070000007000000068000000540020
000000000002093400700020000590004023603700000040902608000000040000009005000465372
020030006005000000000450300870900500000061200090005400603240075002507034000000000
006502009001000000703400600005000080308010000020700400000600013000200040000000090