502000000003400000000005093700006002000003608008021070870032504106080020400070300
509400006060000097000706450230500089900367500000000701096840000004653000002000004
870030002030680970020004850003007610000900007647023090000000000052000040100060030
000400200309000800420038050000502007002000638040080000030004060274600109861000005
700306401500400070032008009003000000040800235000204080610942350090003000008700000
000008600070000030860230540500000304000005000407301800020500400700806053000004267
000002430050489002420500000965200347200364500004000026030000100672043000500000000
000002097039080200000630800206000070057806003000500042910048006600300000300000480
000604750300972000000350001030000000208700930754000020406020009020590040070000000
300000000005009000004560087429305800003200005000000001050400708008070400702800639
610430070030800510000075030100600000200500304096007080480700953000000800000000627
900002083000000000830000570060305740040000900325470860050630000000204050000500300
380002000105000020600007530004003902090620450008005070000700000070001300002050040
006049000000635007300070800080000009064052300092080460040500702800020605600093004
410607500503408000009020000648200000030804005720100000004000300090000720080936400
538040700002000008960070000826490037000006504000300000003050069704209005050083000
170043005008000000450007902026300040937004800004000020000020064000090003005036000
000240300000005006000306200000001090830570600079000540460000807017600400903020000
000007000310540000000000347700610030050000600060039084100200003046003005000400910
605200000008460000000000000020705300080096740407800050000000000230070918000031400
001000400000300280000040003094026010050080970180000060060035020042009000005862000
600003005000800200005000003026437509080050000030600104807040900950700430400500020
030200008602008040074050910000000000000090000285630000700063294100072500000400000
508090630300060207042030009003050000400200700000640000096000401020800090000070025
809000004040050306030007050204078630500030400007000520005300061000090780008010003
604002500030961740000050000000039070746000803002007400000000060400000025905020000
300740080540623700097850000026400830009030000000200040000000000061080594200000370
020490800700000030000013006409270000000005000250004009004852600000360000503700020
000906000280034000000870000500008306000002000060745298490053070003287900608009032
470030000105946807008005300000020400000093000650000000947200000306459200020070000
800100000302000000096083074730050069050490007000320000000030050007600013020900040
045020306060740020280000040500380692810000500000567400000030000350004008007600203
040905003839000000000400000600280000020507600078640200257000304480002090060300508
000405300600070020007036904000304000463501000100000000000013005076900002090000740
000084203620900408003050097400002830570603002000005040006000000352400679004507000
800000030600042870000030604406270050980560710025080300308000000204006503000020007
200008009008000000000605200307860004005740091000000603080200300000401907400537000
000908700450063002600200008000034000763020804020000000381400670040000005500307001
056084000309750002004309000600800000040000000002465300020030098935608027068297043
000800600050604000003005400400080002236970000500000370785002190000300000001009046
280000090000030000700400860000500600070000030540176920000000400020807000307054109
400050000095040023301709465006024700804960530000000000017000280500000007003000604
028750000906000700540080620402070000375094002060032000000500030603020500700063004
000970002100005470650040300400500000030800000002060935040200063005030007000000090
900700053005000000706350842573061009000000005000400027237040000040038000608007004
000000700005203600720009430630500004070020800040000020008000090054930006200000003
200097000040060000600000508004930086000200034070600050503400920000050600400020000
000026054000000000140000309007003040000200003024008000001380096090065070805004200
000750000300009605040300000080600070709123080060900050600002007010000328038507060
050042030003000290400083600075294360268500009004860752039400000020079080800000927
405001006070000000026000008950000000008510904702600305200009600510736080039400000
637028490005000006000070825070305008059400203000060000010000030500240080048000100
020005000364000000951428007000200000000050000070900415083506740640080030700001506
500000002200000030000070680900000750400000003302080904030209071005300420000007005
000023540900047000027600000090000002342005000000000001106502980000000000070084203
010300400400000000002005000050009728000704036003602504905400080000028009800000100
000002890059060407380590100000609500023040006064700020005230000002008304000000050
200005000006092003005043000430500007002000060000004008600000300000370095000956204
000000000000503200073410060048600591560000070200000000630050400720008036000000000
040000038065200470902000000000000920000000000301047850000702004000034005008605000
000000800050437910030600024000000000070903260600080050005100080826000040004002603
790320180012040000400009050370000400200900600000000305600100030531070040000003700
230000004050640002000001500006800020020000000840050300160070040000093000700200000
180000300000352000930040000300000100000280056000090080060800400420530000007020000
400520030005000640060003508006000000000180400802000709657800000034759000910002070
000000004000008062406003700003546207060310000020000600005720043200000905300009000
004000100000780005200600479967000002045209030000000000000090003600005700703402900
701000006000004800803200040000900500008560020200003060067052300439007000500630470
700090068008407050006150240680074500030020004520000000000000023000600800000902000
700300450058040903004000200005000002020500846073004000240700019100002000000030004
600007000000400000001006940080000600900300704304902500090025300003048260260039058
200030060000500004006000030580064170002783600004000000358200700901007308000000000
030020080090040003001003790007031025208704000500000147002065010050208400000000300
708000900060350470000020300000700060000489000400200500140800230056000000023500009
300000500847600000020000300008002030005740926000530010451800000700205040960300000
862300970004028000300400802080930000030000040600000005023004000700205083510003400
620070080800025460940000070400580000000000003030010594080400052307050640200008037
000008060000460020000000903168070590907000002030000000509020080600000040724093056
290087000073902086000640000680479020000000760000350000008030097000090840024000053
040000000005307000860002375056004800208536907004000002000290408003600720500000000
012000900078004020050007300000076200030510008000000700000032504060000072105000000
030700080002000070004030200600000004000300020000068701908100306056483010040007050
000000000000060753257090040000003560845000000031070000794250000060000270003004000
040070039000000008805406270009240503020003000500080000004500087000000000061030000
004058302500600000000073040071060000000009006050200900608000700000400000400320059
480000070903208645700604801000800000000345027320007000000406000209000300004030500
630910840400005009000000000060700130200054908943080070000400003000000000001000002
002005090090000065500907004240070950360040100005006307009001073400000002600300000
090000600050802000100000003076450820810000059000010000000740930087000000060200000
600000809500390006009280000000000000003000907420530000706000052214905068800001090
536040020890002460004056000600001000102004008009080136000108900008060500020007000
430067005200030060006402000004000500080020900000050001059006237000500408003000006
000030000519000003028070600000400530180059460040800079800000000006510804700040300
008410000200300080067095300020004900000000002470900605540683090902000000030200008
040860090000000001560037004000400000400300200029075006000500060052740080008620340
004000000680020000200407005000100050702648000063005047010000700000060532508004060
000060000000041060100000048000050032327900000500080900070490026090000005405670309
004096002300000040006510938700400000090620300050030804003700280045000063020900000
003000470524000000000005020006058003000400010008090007400970060290806304601000709
040083000070000000905000000408070060091000734007200000050060000004005170602300080